Bone 61
BoneHierarchy
-1 0 1 2 3 4 5 6 6 4 9 10 11 12 13 14 12 16 17 18 12 20 21 22 10 4 25 26 27 28 29 30 28 32 33 34 28 36 37 38 25 4 4 1 43 44 45 46 1 48 49 50 51 1 1 1 1 1 1 1 1 
BoneName
Root Hips Spine_01 Spine_02 Spine_03 Neck Head Eyes Eyebrows Clavicle_L Shoulder_L Elbow_L Hand_L Thumb_01 Thumb_02 Thumb_03 IndexFinger_01 IndexFinger_02 IndexFinger_03 IndexFinger_04 Finger_01 Finger_02 Finger_03 Finger_04 Item_WarriorSholderArmor Clavicle_R Shoulder_R Elbow_R Hand_R Thumb_011 Thumb_021 Thumb_031 IndexFinger_011 IndexFinger_021 IndexFinger_031 IndexFinger_041 Finger_011 Finger_021 Finger_031 Finger_041 Item_WarriorSholderArmor1 Item_Sword Item_SwordHolder UpperLeg_R LowerLeg_R Ankle_R Ball_R Toes_R UpperLeg_L LowerLeg_L Ankle_L Ball_L Toes_L Item_WaterCanteen Item_WaterBladder_01 SM_Prop_SpellBook_03 Item_Pouch SM_Prop_Vials Item_SwordSheath Item_Dagger Item_CoinBag 
BoneOffset 
0 0 0 0 0 0 0 0 0 0 0 0 0 0 0 0 
6.0545e-17 -5.20835e-17 1 0 0.988775 0.149412 -5.20835e-17 0 -0.149412 0.988775 6.0545e-17 0 -86.644 -13.0926 4.56395e-15 1 
6.11567e-17 -5.81893e-17 -1 0 0.998764 0.0496955 5.81894e-17 0 0.0496955 -0.998764 6.11567e-17 0 -97.7061 -6.41636 -5.60202e-15 1 
6.05755e-17 -5.22875e-17 1 0 0.989273 0.14608 -5.22875e-17 0 -0.14608 0.989273 6.05755e-17 0 -114.883 -16.3062 6.1065e-15 1 
6.10554e-17 -5.6581e-17 -1 0 0.997111 0.0759622 5.6581e-17 0 0.0759622 -0.997111 6.10554e-17 0 -133.11 -13.4163 -7.36798e-15 1 
6.04549e-17 -5.15055e-17 -1 0 0.987303 0.158851 5.15055e-17 0 0.158851 -0.987303 6.04548e-17 0 -142.678 -25.4033 -7.31714e-15 1 
1 0 0 0 0 1 3.97047e-23 0 0 -3.97047e-23 1 0 0 -156.911 0.483958 1 
1 0 0 0 0 1 3.97047e-23 0 0 -3.97047e-23 1 0 0 -166.359 -11.7883 1 
1 0 0 0 0 1 3.97047e-23 0 0 -3.97047e-23 1 0 0 -169.678 -11.7883 1 
0.882852 0.0114634 0.469511 0 -0.0129834 0.999916 1.57351e-09 0 -0.469471 -0.00609585 0.882927 0 -4.13175 -139.276 -4.69181 1 
0.996542 0.082498 0.00991434 0 -0.082502 0.996591 -5.22418e-10 0 -0.00988054 -0.000817953 0.999951 0 -7.60969 -140.145 4.65265 1 
0.997432 -1.18224e-16 -0.0716155 0 1.59098e-16 1 5.6504e-16 0 0.0716155 -5.74983e-16 0.997432 0 -52.3986 -136.094 9.09707 1 
1 0 0 0 0 1 3.97047e-23 0 0 -3.97047e-23 1 0 -79.9632 -136.094 3.41738 1 
0.831214 0.154317 -0.534106 0 -0.182534 0.9832 -3.39907e-07 0 0.525133 0.0974925 0.845418 0 -45.3309 -145.645 43.6658 1 
0.847975 0.430776 -0.30882 0 -0.452914 0.891554 -2.15046e-07 0 0.27533 0.139869 0.951121 0 -15.9153 -158.116 23.198 1 
1 0 0 0 0 1 3.97047e-23 0 0 -3.97047e-23 1 0 -93.5765 -131.195 -5.99327 1 
0.991306 0.00845244 -0.131305 0 -0.00852626 0.999964 -3.58462e-10 0 0.1313 0.00111954 0.991342 0 -88.3126 -137.251 12.603 1 
0.973031 0.202837 -0.109856 0 -0.204072 0.978956 1.68159e-08 0 0.107544 0.0224185 0.993948 0 -64.0018 -152.733 10.5783 1 
0.947822 0.313702 -0.0567808 0 -0.314209 0.949354 -9.93841e-09 0 0.053905 0.017841 0.998387 0 -50.3654 -159.592 5.37042 1 
1 0 0 0 0 1 3.97047e-23 0 0 -3.97047e-23 1 0 -101.689 -134.497 -0.404233 1 
0.98976 0.11253 0.0878153 0 -0.112966 0.993599 5.54294e-08 0 -0.0872531 -0.00992023 0.996137 0 -74.2485 -145.296 -1.22379 1 
0.986728 0.154946 0.0485677 0 -0.155129 0.987894 -1.9246e-09 0 -0.0479797 -0.00753426 0.99882 0 -72.221 -148.5 2.4904 1 
0.924156 0.328523 0.194958 0 -0.33495 0.942236 -2.85686e-08 0 -0.183696 -0.0653012 0.980812 0 -46.3413 -159.7 -11.9303 1 
1 0 0 0 0 1 3.97047e-23 0 0 -3.97047e-23 1 0 -100.393 -133.947 7.7917 1 
0 0 0 0 0 0 0 0 0 0 0 0 0 0 0 0 
0.882852 0.0114634 0.469511 0 0.0129834 -0.999916 -1.57351e-09 0 0.469471 0.00609585 -0.882927 0 4.13175 139.276 4.69181 1 
0.996542 0.082498 0.00991434 0 0.082502 -0.996591 5.22419e-10 0 0.00988054 0.000817953 -0.999951 0 7.60969 140.145 -4.65265 1 
0.997432 -9.80922e-17 -0.0716155 0 -1.59098e-16 -1 -8.46151e-16 0 -0.0716155 8.55372e-16 -0.997432 0 52.3986 136.094 -9.09707 1 
1 0 0 0 0 -1 1.83697e-16 0 0 -1.83697e-16 -1 0 79.9632 136.094 -3.41738 1 
0.831214 0.154317 -0.534106 0 0.182534 -0.9832 3.39907e-07 0 -0.525133 -0.0974925 -0.845418 0 45.3309 145.644 -43.6658 1 
0.847975 0.430776 -0.30882 0 0.452914 -0.891554 2.15046e-07 0 -0.27533 -0.139869 -0.951121 0 15.9152 158.116 -23.198 1 
1 0 0 0 0 -1 1.83697e-16 0 0 -1.83697e-16 -1 0 93.5765 131.195 5.99327 1 
0.991306 0.00845244 -0.131305 0 0.00852626 -0.999964 3.58462e-10 0 -0.1313 -0.00111954 -0.991342 0 88.3126 137.251 -12.603 1 
0.973031 0.202837 -0.109856 0 0.204072 -0.978956 -1.68159e-08 0 -0.107544 -0.0224185 -0.993948 0 64.0018 152.733 -10.5783 1 
0.947822 0.313702 -0.0567808 0 0.314209 -0.949354 9.93841e-09 0 -0.053905 -0.017841 -0.998387 0 50.3654 159.592 -5.37042 1 
1 0 0 0 0 -1 1.83697e-16 0 0 -1.83697e-16 -1 0 101.689 134.497 0.404233 1 
0.98976 0.11253 0.0878153 0 0.112966 -0.993599 -5.54294e-08 0 0.0872531 0.00992023 -0.996137 0 74.2485 145.296 1.22379 1 
0.986728 0.154946 0.0485677 0 0.155129 -0.987894 1.9246e-09 0 0.0479797 0.00753426 -0.99882 0 72.221 148.499 -2.4904 1 
0.924156 0.328523 0.194958 0 0.33495 -0.942236 2.85686e-08 0 0.183696 0.0653012 -0.980812 0 46.3414 159.7 11.9303 1 
1 0 0 0 0 -1 1.83697e-16 0 0 -1.83697e-16 -1 0 100.393 133.947 -7.7917 1 
0 0 0 0 0 0 0 0 0 0 0 0 0 0 0 0 
0 0 0 0 0 0 0 0 0 0 0 0 0 0 0 0 
0 0 0 0 0 0 0 0 0 0 0 0 0 0 0 0 
-0.0317411 -0.999496 3.5282e-14 0 -0.999496 0.0317411 6.16331e-17 0 -1.18149e-15 -3.52622e-14 -1 0 82.7998 -12.5312 -2.04691 1 
-0.00742954 -0.168194 0.985726 0 -0.999026 0.0441294 -1.50872e-09 0 -0.0434995 -0.984766 -0.168358 0 43.0309 -5.80184 10.6602 1 
3.18392e-17 2.30973e-16 -1 0 -0.519973 0.854183 1.80738e-16 0 0.854183 0.519973 1.47296e-16 0 6.04563 -2.83996 -11.4443 1 
4.37114e-08 6.12323e-17 -1 0 4.37114e-08 1 1.97192e-15 0 1 -4.37114e-08 4.37114e-08 0 -5.95125 0.297976 -11.4443 1 
0 0 0 0 0 0 0 0 0 0 0 0 0 0 0 0 
-0.0317411 -0.999496 3.50449e-14 0 0.999496 -0.0317411 -6.91628e-17 0 1.18149e-15 3.5025e-14 1 0 -82.7998 12.5312 2.04691 1 
-0.00742954 -0.168194 0.985726 0 0.999026 -0.0441294 1.50872e-09 0 0.0434995 0.984766 0.168358 0 -43.0309 5.80185 -10.6602 1 
3.18392e-17 1.08509e-16 -1 0 0.519973 -0.854183 -7.61307e-17 0 -0.854183 -0.519973 -8.3618e-17 0 -6.04564 2.83996 11.4443 1 
4.37114e-08 1.22465e-16 -1 0 -4.37114e-08 -1 -2.03315e-15 0 -1 4.37114e-08 -4.37114e-08 0 5.95125 -0.297976 11.4443 1 
0 0 0 0 0 0 0 0 0 0 0 0 0 0 0 0 
0 0 0 0 0 0 0 0 0 0 0 0 0 0 0 0 
0 0 0 0 0 0 0 0 0 0 0 0 0 0 0 0 
0 0 0 0 0 0 0 0 0 0 0 0 0 0 0 0 
0 0 0 0 0 0 0 0 0 0 0 0 0 0 0 0 
0 0 0 0 0 0 0 0 0 0 0 0 0 0 0 0 
0 0 0 0 0 0 0 0 0 0 0 0 0 0 0 0 
0 0 0 0 0 0 0 0 0 0 0 0 0 0 0 0 
0 0 0 0 0 0 0 0 0 0 0 0 0 0 0 0 
SubmeshOffset 
0 0 414 339 69 420 840 60 72 165 198 327 153 30 48 24 12 24 36 18 63 39 78 0 0 0 195 306 150 33 45 30 18 6 45 21 48 48 102 0 0 0 0 252 234 234 108 0 204 198 222 126 0 0 0 0 0 0 0 0 0 
